   1.1522180e+03
   1.1120230e+03
   1.0529910e+03
   9.9008600e+02
   9.5537500e+02
   8.5623800e+02
   7.5785300e+02
   6.6030400e+02
   5.6158500e+02
   4.8195800e+02
   4.3202200e+02
   3.8169900e+02
   3.3164100e+02
   2.8084500e+02
   2.3917800e+02
   2.1371200e+02
   2.1346800e+02
   1.8848200e+02
   1.6305500e+02
   1.3632600e+02
   1.1382500e+02
   8.9383000e+01
   8.8995000e+01
   6.4762000e+01
   4.2248000e+01
   1.8147000e+01
   3.1580000e+00
   3.2540000e+00
   3.1480000e+00
   3.1100000e+00
   3.0660000e+00
   3.0130000e+00
   3.2890000e+00
   3.2760000e+00
   3.1210000e+00
   3.3270000e+00
