   3.0504290e+03
   2.7846220e+03
   2.5331730e+03
   2.2771660e+03
   2.0443350e+03
   1.8414020e+03
   1.7167100e+03
   1.6214010e+03
   1.5203900e+03
   1.4247460e+03
   1.3229750e+03
   1.2261330e+03
   1.1302410e+03
   1.0383250e+03
   9.4012000e+02
   8.2694400e+02
   7.2335400e+02
   6.2357500e+02
   5.2836100e+02
   4.5749600e+02
   4.1719100e+02
   3.5675600e+02
   3.1570300e+02
   2.5943400e+02
   2.0996500e+02
   1.6591200e+02
   1.3198000e+02
   1.1256900e+02
   8.7576000e+01
   5.7725000e+01
   3.8932000e+01
   1.9521000e+01
