   4.2192660e+03
   3.7487040e+03
   3.4932950e+03
   3.1893940e+03
   2.9262310e+03
   2.6871910e+03
   2.4222910e+03
   2.1754020e+03
   1.9441880e+03
   1.7825970e+03
   1.5799080e+03
   1.3815080e+03
   1.1766250e+03
   9.7540300e+02
   9.7608800e+02
   7.7720400e+02
   5.6983300e+02
   3.8377100e+02
   2.8286000e+02
   1.8476300e+02
   1.8459500e+02
   1.2589400e+02
   9.0755000e+01
   9.0677000e+01
   6.4540000e+01
   4.0295000e+01
   1.0931000e+01
   1.1347000e+01
   1.1141000e+01
   1.1066000e+01
   1.1147000e+01
   1.1187000e+01
   1.0981000e+01
   1.1189000e+01
   1.1246000e+01
   1.1168000e+01
