   4.8798330e+03
   4.5446670e+03
   4.1983950e+03
   3.8973720e+03
   3.6011050e+03
   3.3022910e+03
   3.0019220e+03
   2.7567710e+03
   2.5017220e+03
   2.2576530e+03
   2.0132650e+03
   1.8022940e+03
   1.6072020e+03
   1.5055070e+03
   1.4042810e+03
   1.3016640e+03
   1.2020080e+03
   1.1026500e+03
   1.0044440e+03
   9.0483500e+02
   8.1092300e+02
   7.0039700e+02
   6.0103500e+02
   4.9854800e+02
   4.4843400e+02
   3.9883400e+02
   3.5026200e+02
   3.0099100e+02
   2.5142300e+02
   2.0207500e+02
   1.5126600e+02
   1.0190900e+02
   7.5233000e+01
   5.0393000e+01
   2.6335000e+01
   6.3440000e+00
