   4.4611760e+03
   4.0775560e+03
   3.7036390e+03
   3.3992810e+03
   3.0993620e+03
   2.8395160e+03
   2.5844800e+03
   2.3343140e+03
   2.0838270e+03
   1.8642350e+03
   1.7339760e+03
   1.6356860e+03
   1.5353270e+03
   1.4355500e+03
   1.3351740e+03
   1.2346900e+03
   1.1343170e+03
   1.0344700e+03
   9.3427500e+02
   8.3581700e+02
   7.3641100e+02
   6.3650100e+02
   5.3430700e+02
   4.6374900e+02
   4.1418300e+02
   3.6438100e+02
   3.1567400e+02
   2.6305700e+02
   2.1345200e+02
   1.6509900e+02
   1.3685700e+02
   1.1003700e+02
   8.5618000e+01
   5.8948000e+01
   3.5398000e+01
   1.6160000e+01
