   4.4950370e+03
   4.0552350e+03
   3.8054200e+03
   3.5055770e+03
   3.2065090e+03
   2.9172120e+03
   2.6668070e+03
   2.4222110e+03
   2.1729150e+03
   1.9430080e+03
   1.7720840e+03
   1.5738430e+03
   1.3734770e+03
   1.1728940e+03
   9.7164800e+02
   9.7157700e+02
   7.7229300e+02
   5.7313400e+02
   4.7338900e+02
   3.4213800e+02
   2.4412000e+02
   2.4394200e+02
   1.8901900e+02
   9.9100000e+01
   9.9706000e+01
   5.0633000e+01
   3.6130000e+00
   3.4460000e+00
   3.3400000e+00
   3.3620000e+00
   3.4160000e+00
   3.0470000e+00
   3.2620000e+00
   3.2720000e+00
   2.7260000e+00
   1.9710000e+00
