   4.6918970e+03
   4.4515320e+03
   4.2004510e+03
   3.9020040e+03
   3.6005060e+03
   3.3001450e+03
   3.0013570e+03
   2.7510150e+03
   2.4996070e+03
   2.2497480e+03
   1.9998970e+03
   1.7979680e+03
   1.5991220e+03
   1.4976480e+03
   1.3955500e+03
   1.2911280e+03
   1.1969040e+03
   1.0918490e+03
   9.9480000e+02
   8.9605500e+02
   7.9739400e+02
   6.9760800e+02
   5.8800100e+02
   4.9600400e+02
   4.4228900e+02
   4.0118600e+02
   3.4435700e+02
   3.0000800e+02
   2.4893900e+02
   2.0305800e+02
   1.5552100e+02
   1.0413800e+02
   7.5631000e+01
   5.2246000e+01
   3.3131000e+01
   7.3440000e+00
