   4.1788680e+03
   3.9495020e+03
   3.7013330e+03
   3.4007640e+03
   3.1007880e+03
   2.8353250e+03
   2.5845360e+03
   2.3359890e+03
   2.0835670e+03
   1.8650970e+03
   1.7342520e+03
   1.6346390e+03
   1.5350230e+03
   1.4321920e+03
   1.3325850e+03
   1.2330040e+03
   1.1354010e+03
   1.0340890e+03
   9.3345500e+02
   8.3392700e+02
   7.3452900e+02
   6.3430800e+02
   5.2361200e+02
   4.5214600e+02
   3.9702400e+02
   3.6422100e+02
   3.1490900e+02
   2.7000100e+02
   2.1573200e+02
   1.7023800e+02
   1.3787500e+02
   1.1540000e+02
   9.3622000e+01
   7.0914000e+01
   3.6906000e+01
   1.7352000e+01
