   4.1279380e+03
   3.8223980e+03
   3.4892670e+03
   3.1961160e+03
   2.9121110e+03
   2.6647890e+03
   2.4206300e+03
   2.1803410e+03
   1.9412110e+03
   1.7857500e+03
   1.5729540e+03
   1.3784080e+03
   1.1903890e+03
   1.0219330e+03
   1.0230660e+03
   7.7368500e+02
   6.6722200e+02
   5.6815400e+02
   3.8870800e+02
   2.8820300e+02
   1.8713300e+02
   1.8641400e+02
   1.3733300e+02
   9.4539000e+01
   9.4461000e+01
   4.5829000e+01
   1.1754000e+01
   1.2152000e+01
   1.2306000e+01
   1.1404000e+01
   1.1759000e+01
   1.1694000e+01
   1.1570000e+01
   1.2272000e+01
   1.1862000e+01
   1.1805000e+01
