   4.3344160e+03
   4.1186780e+03
   3.8982560e+03
   3.5996140e+03
   3.2988500e+03
   2.9992950e+03
   2.7503470e+03
   2.5000300e+03
   2.2506090e+03
   1.9993830e+03
   1.7978280e+03
   1.5983480e+03
   1.4981920e+03
   1.3984190e+03
   1.2978850e+03
   1.1975250e+03
   1.0958220e+03
   9.9541200e+02
   8.9498900e+02
   7.9326900e+02
   6.9506400e+02
   5.9094900e+02
   4.9154500e+02
   4.3803200e+02
   3.9636800e+02
   3.4610300e+02
   2.9696700e+02
   2.5332400e+02
   2.0219800e+02
   1.5866000e+02
   1.3259700e+02
   1.0293000e+02
   7.8252000e+01
   5.3390000e+01
   2.9597000e+01
   1.5336000e+01
