   4.0038480e+03
   3.7960200e+03
   3.5864280e+03
   3.3361380e+03
   3.0862920e+03
   2.8365630e+03
   2.5872140e+03
   2.3368480e+03
   2.0870050e+03
   1.8661330e+03
   1.7367020e+03
   1.6366070e+03
   1.5370630e+03
   1.4366680e+03
   1.3368600e+03
   1.2356610e+03
   1.1351560e+03
   1.0341700e+03
   9.3421300e+02
   8.3468500e+02
   7.3337500e+02
   6.3461400e+02
   5.3461600e+02
   4.6426000e+02
   4.1436900e+02
   3.6587800e+02
   3.1420000e+02
   2.6578600e+02
   2.1545000e+02
   1.6648200e+02
   1.3891700e+02
   1.1536800e+02
   9.0104000e+01
   6.4973000e+01
   4.0250000e+01
   5.5980000e+00
