   3.6519490e+03
   3.3567970e+03
   3.0625790e+03
   2.9284390e+03
   2.6666450e+03
   2.4180720e+03
   2.1678330e+03
   1.9312150e+03
   1.7655680e+03
   1.5685750e+03
   1.3674370e+03
   1.1677850e+03
   9.6461400e+02
   9.6498400e+02
   7.6691300e+02
   6.6554900e+02
   5.6634400e+02
   3.8548800e+02
   2.8702900e+02
   1.8618800e+02
   1.8618900e+02
   1.4003200e+02
   9.0664000e+01
   9.0606000e+01
   4.2241000e+01
   2.0270000e+01
   6.2270000e+00
   6.0120000e+00
   5.8850000e+00
   6.1680000e+00
   6.4320000e+00
   6.0430000e+00
   6.0820000e+00
   6.2230000e+00
   6.0720000e+00
