   2.4757460e+03
   2.2063060e+03
   1.9351030e+03
   1.7655580e+03
   1.5654760e+03
   1.3660440e+03
   1.1639940e+03
   1.0656700e+03
   9.6376800e+02
   9.6375500e+02
   8.6492700e+02
   7.6543700e+02
   6.6527000e+02
   5.6472900e+02
   4.6239400e+02
   3.8397700e+02
   2.8133100e+02
   1.8523200e+02
   1.8528600e+02
   1.3704200e+02
   9.3150000e+01
   9.1146000e+01
   4.4697000e+01
   2.4498000e+01
   7.3060000e+00
   8.3210000e+00
   7.7480000e+00
   7.7850000e+00
   7.3930000e+00
   6.9490000e+00
   7.7730000e+00
   7.5440000e+00
   7.8050000e+00
   7.5960000e+00
   7.8180000e+00
