   3.9304500e+03
   3.6143630e+03
   3.3018940e+03
   3.0019800e+03
   2.7522420e+03
   2.5011590e+03
   2.2509910e+03
   2.0004280e+03
   1.8003160e+03
   1.6011720e+03
   1.4005720e+03
   1.1989980e+03
   1.0999940e+03
   1.0000580e+03
   9.0136800e+02
   8.0049600e+02
   6.9992900e+02
   6.0109500e+02
   4.9984200e+02
   3.9964300e+02
   3.4865500e+02
   2.9984100e+02
   2.5023700e+02
   2.0276600e+02
   1.5149800e+02
   1.0189600e+02
   7.5646000e+01
   5.0633000e+01
   2.6061000e+01
   6.2810000e+00
