   5.9362520e+03
   5.6365180e+03
   5.3359190e+03
   4.9382620e+03
   4.5377910e+03
   4.1371260e+03
   3.7386720e+03
   3.4035950e+03
   3.1049480e+03
   2.8400630e+03
   2.5895870e+03
   2.3407920e+03
   2.0909010e+03
   1.8645370e+03
   1.6646570e+03
   1.4657080e+03
   1.3356130e+03
   1.2364060e+03
   1.1367370e+03
   1.0350420e+03
   9.3555700e+02
   8.3555000e+02
   7.3572700e+02
   6.3681300e+02
   5.3640300e+02
   4.3516200e+02
   3.6628700e+02
   3.1634500e+02
   2.6566500e+02
   2.1648100e+02
   1.6688500e+02
   1.1732800e+02
   8.7342000e+01
   6.0428000e+01
   3.6066000e+01
   1.0821000e+01
