   5.9902170e+03
   5.5011060e+03
   5.0027140e+03
   4.6021620e+03
   4.2035430e+03
   3.8017530e+03
   3.5017220e+03
   3.2033130e+03
   2.9154730e+03
   2.6653830e+03
   2.4144380e+03
   2.1663540e+03
   1.9343740e+03
   1.7342680e+03
   1.5402720e+03
   1.3700310e+03
   1.2703710e+03
   1.1656260e+03
   1.0651350e+03
   9.6529800e+02
   8.6557300e+02
   7.6564600e+02
   6.7289200e+02
   5.6542900e+02
   4.6513600e+02
   3.9038300e+02
   3.3963600e+02
   2.8958200e+02
   2.4063000e+02
   1.8667600e+02
   1.3598200e+02
   9.1084000e+01
   6.6595000e+01
   4.0975000e+01
   2.2209000e+01
   7.1690000e+00
