   5.2951870e+03
   5.0493510e+03
   4.8031130e+03
   4.5014580e+03
   4.2005360e+03
   3.9003750e+03
   3.6016190e+03
   3.2993210e+03
   3.0008880e+03
   2.7497280e+03
   2.5000230e+03
   2.2515750e+03
   2.0040750e+03
   1.7987060e+03
   1.6010170e+03
   1.4001290e+03
   1.2999780e+03
   1.1996410e+03
   1.0999820e+03
   1.0006050e+03
   9.0065400e+02
   8.0143500e+02
   6.9808100e+02
   6.0106700e+02
   5.0101600e+02
   4.0006900e+02
   3.5021000e+02
   3.0059700e+02
   2.5106800e+02
   2.0170400e+02
   1.5152400e+02
   1.0353800e+02
   7.5349000e+01
   4.9919000e+01
   3.2271000e+01
   1.2795000e+01
