   5.8387410e+03
   5.4450320e+03
   5.0369710e+03
   4.6360230e+03
   4.3022490e+03
   4.0017050e+03
   3.7026770e+03
   3.4024920e+03
   3.1024350e+03
   2.8386970e+03
   2.5877390e+03
   2.3382310e+03
   2.0895350e+03
   1.8680140e+03
   1.6681730e+03
   1.4697370e+03
   1.3390900e+03
   1.2383280e+03
   1.1381360e+03
   1.0382170e+03
   9.3848200e+02
   8.3825300e+02
   7.3787100e+02
   6.3754200e+02
   5.3722800e+02
   4.3849700e+02
   3.6885200e+02
   3.2020600e+02
   2.6968700e+02
   2.2056500e+02
   1.7093100e+02
   1.2097700e+02
   9.1606000e+01
   6.6955000e+01
   4.2544000e+01
   1.2519000e+01
