   5.8707530e+03
   5.5198100e+03
   5.1653940e+03
   4.7664360e+03
   4.3654620e+03
   3.9659530e+03
   3.5668370e+03
   3.1994570e+03
   2.9183360e+03
   2.6641820e+03
   2.4159560e+03
   2.1653540e+03
   1.9370340e+03
   1.7351770e+03
   1.5365600e+03
   1.3647700e+03
   1.2649300e+03
   1.1645180e+03
   1.0665910e+03
   9.6521300e+02
   8.6522100e+02
   7.6582300e+02
   6.6632400e+02
   5.6574300e+02
   4.6494200e+02
   3.8479000e+02
   3.3549800e+02
   2.8574500e+02
   2.3498900e+02
   1.8618400e+02
   1.3551400e+02
   9.1613000e+01
   6.6000000e+01
   4.1036000e+01
   1.9243000e+01
   5.2270000e+00
