   5.9998820e+03
   5.6015020e+03
   5.2005150e+03
   4.8023100e+03
   4.4027280e+03
   4.0027950e+03
   3.6034680e+03
   3.3028840e+03
   3.0043770e+03
   2.7501810e+03
   2.4990730e+03
   2.2541000e+03
   1.9995930e+03
   1.7995150e+03
   1.6049590e+03
   1.4010920e+03
   1.3002560e+03
   1.2003220e+03
   1.0993200e+03
   1.0004700e+03
   9.0127600e+02
   8.0036300e+02
   7.0108100e+02
   6.0119900e+02
   5.0617900e+02
   4.0618900e+02
   3.5628000e+02
   3.0607700e+02
   2.5602800e+02
   2.0654400e+02
   1.5623300e+02
   1.0686500e+02
   8.2285000e+01
   5.7442000e+01
   3.2033000e+01
   1.2329000e+01
