   6.0017000e+03
   5.7354810e+03
   5.3363450e+03
   4.9377770e+03
   4.5376050e+03
   4.1378810e+03
   3.7385270e+03
   3.4026950e+03
   3.1031240e+03
   2.8389590e+03
   2.5386400e+03
   2.3389890e+03
   2.0891950e+03
   1.8698450e+03
   1.6698430e+03
   1.4714500e+03
   1.3401240e+03
   1.2401760e+03
   1.1401470e+03
   1.0399560e+03
   9.4012900e+02
   8.4103200e+02
   7.3533200e+02
   6.3655800e+02
   5.3678300e+02
   4.3616400e+02
   3.3644600e+02
   3.2144800e+02
   2.7157700e+02
   2.1617500e+02
   1.6630100e+02
   1.1696600e+02
   8.6803000e+01
   6.1780000e+01
   3.7214000e+01
   9.3650000e+00
