   5.8854420e+03
   5.5009970e+03
   5.0010620e+03
   4.5991620e+03
   4.2019910e+03
   3.8003030e+03
   3.5012200e+03
   3.2008780e+03
   2.9171310e+03
   2.6649470e+03
   2.4158730e+03
   2.1656880e+03
   1.9335740e+03
   1.7362930e+03
   1.5363540e+03
   1.3647990e+03
   1.2642210e+03
   1.1649450e+03
   1.0644150e+03
   9.6738600e+02
   8.6689900e+02
   7.6591800e+02
   6.6619100e+02
   5.6603600e+02
   4.6562500e+02
   3.8542500e+02
   3.3519800e+02
   2.8504400e+02
   2.3515300e+02
   1.8534900e+02
   1.3524100e+02
   8.9416000e+01
   6.5495000e+01
   4.1074000e+01
   2.0942000e+01
   3.6320000e+00
