   5.9500350e+03
   5.6019070e+03
   5.2014540e+03
   4.8017360e+03
   4.4022480e+03
   3.9997800e+03
   3.6042090e+03
   3.3028800e+03
   3.0040370e+03
   2.7536180e+03
   2.5042050e+03
   2.2558030e+03
   2.0047990e+03
   1.8049010e+03
   1.6047470e+03
   1.4054780e+03
   1.3054280e+03
   1.2053470e+03
   1.1052220e+03
   1.0052070e+03
   9.0560500e+02
   8.0636300e+02
   7.0692700e+02
   6.0740800e+02
   5.0700300e+02
   4.0689000e+02
   3.5701300e+02
   3.0703000e+02
   2.5644800e+02
   2.0701900e+02
   1.5729300e+02
   1.0794800e+02
   7.7807000e+01
   4.8135000e+01
   2.6026000e+01
   1.0060000e+01
