   5.9985410e+03
   5.6700410e+03
   5.3345470e+03
   4.9361950e+03
   4.5355260e+03
   4.1375000e+03
   3.7371250e+03
   3.4013980e+03
   3.1030480e+03
   2.8391480e+03
   2.5879930e+03
   2.3393170e+03
   2.0905300e+03
   1.8686550e+03
   1.6699100e+03
   1.4700750e+03
   1.3397070e+03
   1.2391270e+03
   1.1396110e+03
   1.0393050e+03
   9.3869500e+02
   8.4017200e+02
   7.4037100e+02
   6.4055900e+02
   5.4160500e+02
   4.4088400e+02
   3.7095400e+02
   3.2165100e+02
   2.7119800e+02
   2.2055400e+02
   1.6700300e+02
   1.1715200e+02
   8.6577000e+01
   6.1591000e+01
   3.7257000e+01
   9.0290000e+00
