   5.8500640e+03
   5.5009620e+03
   5.1014290e+03
   4.6025810e+03
   4.2008250e+03
   3.8041820e+03
   3.5003740e+03
   3.2036200e+03
   2.9169030e+03
   2.6646410e+03
   2.4144430e+03
   2.1649860e+03
   1.9342690e+03
   1.7345920e+03
   1.5359410e+03
   1.3669320e+03
   1.2661020e+03
   1.1648120e+03
   1.0643860e+03
   9.6535400e+02
   8.6636700e+02
   7.6563800e+02
   6.6619900e+02
   5.6450500e+02
   4.6454800e+02
   3.8578100e+02
   3.3580900e+02
   2.8557800e+02
   2.3509500e+02
   1.8573900e+02
   1.3550700e+02
   9.0731000e+01
   6.4569000e+01
   4.1193000e+01
   2.0057000e+01
   5.3120000e+00
