   5.9998570e+03
   5.6010000e+03
   5.2002230e+03
   4.8011990e+03
   4.4021750e+03
   4.0015090e+03
   3.6030880e+03
   3.3019060e+03
   3.0037730e+03
   2.7538680e+03
   2.5036910e+03
   2.2542260e+03
   2.0042170e+03
   1.8034110e+03
   1.6041590e+03
   1.4051730e+03
   1.3052000e+03
   1.2050950e+03
   1.1046520e+03
   1.0036800e+03
   9.0513800e+02
   8.0531100e+02
   7.0606800e+02
   6.0639600e+02
   5.0600700e+02
   4.0608100e+02
   3.5584400e+02
   3.0567600e+02
   2.5550800e+02
   2.0603300e+02
   1.5659600e+02
   9.6553000e+01
   7.6862000e+01
   5.1789000e+01
   2.6576000e+01
   5.2890000e+00
