   5.9501100e+03
   5.5219390e+03
   5.0365380e+03
   4.6366650e+03
   4.3030860e+03
   4.1022330e+03
   3.7027830e+03
   3.4034190e+03
   3.1026410e+03
   2.8383430e+03
   2.5875490e+03
   2.3386070e+03
   2.0903120e+03
   1.8689610e+03
   1.6694750e+03
   1.4702920e+03
   1.3402230e+03
   1.2400190e+03
   1.1398210e+03
   1.0392660e+03
   9.3863700e+02
   8.3994200e+02
   7.4010700e+02
   6.4066400e+02
   5.4096800e+02
   4.4055400e+02
   3.7074800e+02
   3.2051400e+02
   2.6990800e+02
   2.1538800e+02
   1.6585300e+02
   1.1633200e+02
   8.5884000e+01
   6.0766000e+01
   3.6283000e+01
   4.2760000e+00
