   6.0028200e+03
   5.6540800e+03
   5.1683750e+03
   4.7689750e+03
   4.3691680e+03
   3.9696740e+03
   3.5646770e+03
   3.2000310e+03
   2.9153710e+03
   2.6648950e+03
   2.4150770e+03
   2.1667620e+03
   1.9400100e+03
   1.7360550e+03
   1.5370400e+03
   1.3365190e+03
   1.2660810e+03
   1.1653620e+03
   1.0659660e+03
   9.6488900e+02
   8.6637100e+02
   7.6628100e+02
   6.6666100e+02
   5.6500000e+02
   4.6500500e+02
   3.8488500e+02
   3.3371200e+02
   2.8379800e+02
   2.3425900e+02
   1.8596700e+02
   1.3511000e+02
   8.8612000e+01
   6.5834000e+01
   3.9561000e+01
   2.1626000e+01
   4.2330000e+00
