   5.9820560e+03
   5.6016030e+03
   5.2509670e+03
   4.8020710e+03
   4.4025550e+03
   4.0025160e+03
   3.6032450e+03
   3.3031900e+03
   3.0035060e+03
   2.7541020e+03
   2.5024730e+03
   2.2541030e+03
   2.0042160e+03
   1.8035970e+03
   1.6049830e+03
   1.4052710e+03
   1.3053420e+03
   1.2046500e+03
   1.1048640e+03
   1.0047880e+03
   9.0521300e+02
   8.0486700e+02
   7.0600600e+02
   6.0633200e+02
   5.0598200e+02
   4.0616500e+02
   3.5565600e+02
   3.0613000e+02
   2.5541100e+02
   2.0556500e+02
   1.5585500e+02
   1.0651500e+02
   7.6190000e+01
   5.0611000e+01
   2.5683000e+01
   3.3440000e+00
