   5.9105490e+03
   5.5214350e+03
   5.0371450e+03
   4.6364540e+03
   4.3025320e+03
   4.0522140e+03
   3.7035800e+03
   3.4030040e+03
   3.1034070e+03
   2.8386360e+03
   2.5889200e+03
   2.3387280e+03
   2.0892460e+03
   1.8692450e+03
   1.6698260e+03
   1.4698690e+03
   1.3406020e+03
   1.2405020e+03
   1.1399710e+03
   1.0397340e+03
   9.3973800e+02
   8.4016500e+02
   7.4128800e+02
   6.4142000e+02
   5.4119700e+02
   4.4138200e+02
   3.7115300e+02
   3.1466500e+02
   2.6478000e+02
   2.1455300e+02
   1.6515000e+02
   1.1632400e+02
   8.5668000e+01
   6.0534000e+01
   3.5389000e+01
   4.2290000e+00
