   5.8313750e+03
   5.6012750e+03
   5.1650350e+03
   4.7667000e+03
   4.5006000e+03
   3.9658920e+03
   3.5679840e+03
   3.1983750e+03
   2.9166190e+03
   2.6646500e+03
   2.4151120e+03
   2.1659920e+03
   1.9346840e+03
   1.7367370e+03
   1.5371730e+03
   1.3660360e+03
   1.2650030e+03
   1.1651120e+03
   1.0655920e+03
   9.6530300e+02
   8.6640400e+02
   7.6554800e+02
   6.7289500e+02
   5.6601600e+02
   4.6497500e+02
   3.8506500e+02
   3.3551300e+02
   2.8568500e+02
   2.3486600e+02
   1.8518200e+02
   1.3537000e+02
   8.9476000e+01
   6.5507000e+01
   4.0039000e+01
   2.0908000e+01
   2.4300000e+00
