   5.8474230e+03
   5.4518770e+03
   5.0030680e+03
   4.6022210e+03
   4.2034530e+03
   3.9023070e+03
   3.6046520e+03
   3.3032450e+03
   3.0039860e+03
   2.7545720e+03
   2.4991690e+03
   2.2495530e+03
   1.9999410e+03
   1.7989110e+03
   1.6051820e+03
   1.4063630e+03
   1.3053810e+03
   1.2059170e+03
   1.1052300e+03
   1.0051670e+03
   9.0500800e+02
   8.0583800e+02
   7.0647500e+02
   6.0640600e+02
   5.0620900e+02
   4.0614000e+02
   3.5099400e+02
   3.0094500e+02
   2.5151000e+02
   2.0152100e+02
   1.5189600e+02
   1.0168500e+02
   7.6938000e+01
   5.2251000e+01
   2.7568000e+01
   3.9150000e+00
