   5.7763300e+03
   5.3476110e+03
   4.8990690e+03
   4.5981080e+03
   4.4342630e+03
   3.9997510e+03
   3.7009200e+03
   3.4019560e+03
   3.1015920e+03
   2.8382220e+03
   2.5371670e+03
   2.3377320e+03
   2.0895240e+03
   1.8690410e+03
   1.6688590e+03
   1.4697750e+03
   1.3399310e+03
   1.2346700e+03
   1.1351030e+03
   1.0387780e+03
   9.3456300e+02
   8.3483100e+02
   7.3525900e+02
   6.3634600e+02
   5.3570200e+02
   4.3562800e+02
   3.6537700e+02
   3.1522600e+02
   2.6554600e+02
   2.1529900e+02
   1.6488600e+02
   1.1545300e+02
   8.6120000e+01
   6.0968000e+01
   3.5789000e+01
   6.1550000e+00
