   5.7966040e+03
   5.4927790e+03
   5.1675550e+03
   4.7654440e+03
   4.3665450e+03
   4.0372570e+03
   3.5667910e+03
   3.2005390e+03
   2.9169990e+03
   2.6650340e+03
   2.3741200e+03
   2.1647170e+03
   1.9347270e+03
   1.7350600e+03
   1.5358190e+03
   1.3660740e+03
   1.2660090e+03
   1.1648820e+03
   1.0654780e+03
   9.6530400e+02
   8.6577700e+02
   7.6586600e+02
   6.6685000e+02
   5.6549100e+02
   4.6505000e+02
   3.8428100e+02
   3.3462200e+02
   2.8451400e+02
   2.3615200e+02
   1.8609000e+02
   1.3642800e+02
   9.1235000e+01
   6.6562000e+01
   4.1698000e+01
   2.0579000e+01
   2.0350000e+00
