   5.7810980e+03
   5.3968450e+03
   5.0974250e+03
   4.6971890e+03
   4.2984460e+03
   3.8974860e+03
   3.6003190e+03
   3.2995140e+03
   3.0005500e+03
   2.7515640e+03
   2.5016470e+03
   2.2540970e+03
   2.0045300e+03
   1.8038920e+03
   1.6051130e+03
   1.4062720e+03
   1.3061290e+03
   1.2061000e+03
   1.1054320e+03
   1.0053710e+03
   9.0556900e+02
   8.0612800e+02
   7.0640800e+02
   6.0658100e+02
   5.0715800e+02
   4.0602300e+02
   3.4953900e+02
   2.9922600e+02
   2.4911000e+02
   1.9926600e+02
   1.4973500e+02
   1.0033400e+02
   7.5477000e+01
   5.0150000e+01
   2.5273000e+01
   3.1940000e+00
