   5.7879580e+03
   5.5667360e+03
   5.2360280e+03
   4.8371000e+03
   4.4377280e+03
   4.1027850e+03
   3.7026360e+03
   3.4031630e+03
   3.1036270e+03
   2.8395820e+03
   2.5889820e+03
   2.3389460e+03
   2.0888370e+03
   1.8688620e+03
   1.6692010e+03
   1.4695330e+03
   1.3401630e+03
   1.2398010e+03
   1.1400830e+03
   1.0392750e+03
   9.3963200e+02
   8.3936800e+02
   7.3993200e+02
   6.4100600e+02
   5.4054900e+02
   4.3570000e+02
   3.6547400e+02
   3.1559000e+02
   2.6527500e+02
   2.1535200e+02
   1.6487700e+02
   1.1656200e+02
   8.4786000e+01
   5.9772000e+01
   3.4930000e+01
