   5.2462850e+03
   4.9519170e+03
   4.7016940e+03
   4.4018810e+03
   4.1017880e+03
   3.8005220e+03
   3.5020890e+03
   3.2036020e+03
   2.9204700e+03
   2.6687330e+03
   2.4191770e+03
   2.1651970e+03
   1.9348050e+03
   1.7342350e+03
   1.5356180e+03
   1.3664650e+03
   1.2662270e+03
   1.1652780e+03
   1.0653660e+03
   9.6531600e+02
   8.6555800e+02
   7.6602200e+02
   6.6524900e+02
   5.6575700e+02
   4.6518700e+02
   3.8630800e+02
   3.3595000e+02
   2.8605400e+02
   2.4061500e+02
   1.8627800e+02
   1.3701200e+02
   9.1558000e+01
   6.6424000e+01
   4.1496000e+01
   2.1663000e+01
   2.4710000e+00
