   5.7034880e+03
   5.4004710e+03
   5.1008940e+03
   4.8010950e+03
   4.3025630e+03
   3.9014760e+03
   3.6036780e+03
   3.3031830e+03
   3.0044200e+03
   2.7536850e+03
   2.5034290e+03
   2.2547440e+03
   2.0048690e+03
   1.8044960e+03
   1.6055200e+03
   1.4064890e+03
   1.3061950e+03
   1.2051720e+03
   1.1050490e+03
   1.0054720e+03
   9.0540500e+02
   8.0634800e+02
   7.0641000e+02
   6.0701000e+02
   5.0678500e+02
   4.0652700e+02
   3.5602800e+02
   3.0011900e+02
   2.4996700e+02
   2.0036700e+02
   1.5028900e+02
   1.0066800e+02
   7.4820000e+01
   5.0188000e+01
   2.5209000e+01
   3.3630000e+00
