   5.7906080e+03
   5.6028770e+03
   5.3372210e+03
   4.9390390e+03
   4.5680000e+03
   4.1384320e+03
   3.7392790e+03
   3.4046470e+03
   3.1044320e+03
   2.8397860e+03
   2.5898000e+03
   2.3396480e+03
   2.0896540e+03
   1.8691890e+03
   1.6707310e+03
   1.4654200e+03
   1.3354740e+03
   1.2358500e+03
   1.1351740e+03
   1.0351500e+03
   9.3506500e+02
   8.3543300e+02
   7.3673800e+02
   6.3635200e+02
   5.3640300e+02
   4.3546900e+02
   3.6537000e+02
   3.1564200e+02
   2.6552500e+02
   2.1535000e+02
   1.6621400e+02
   1.1466200e+02
   8.5584000e+01
   6.0955000e+01
   3.5771000e+01
   3.5000000e+00
