   5.7229670e+03
   5.5009940e+03
   5.1652640e+03
   4.7646900e+03
   4.3655990e+03
   3.9649310e+03
   3.5667520e+03
   3.2045380e+03
   2.9171180e+03
   2.6645100e+03
   2.4151300e+03
   2.1661570e+03
   1.9357840e+03
   1.7358410e+03
   1.5365700e+03
   1.3667360e+03
   1.2663800e+03
   1.1660810e+03
   1.0657940e+03
   9.6534200e+02
   8.6641300e+02
   7.6661400e+02
   6.6691800e+02
   5.5634800e+02
   4.6685200e+02
   3.8394500e+02
   3.3255100e+02
   2.8376200e+02
   2.3647300e+02
   1.8653300e+02
   1.3703100e+02
   9.0127000e+01
   6.7277000e+01
   4.0427000e+01
   2.4337000e+01
   3.3300000e+00
