   5.6776430e+03
   5.3006890e+03
   4.9014660e+03
   4.5017540e+03
   4.2022800e+03
   3.9015930e+03
   3.6035440e+03
   3.3027160e+03
   3.0035920e+03
   2.7526240e+03
   2.5027090e+03
   2.2543030e+03
   2.0044120e+03
   1.8033340e+03
   1.6047640e+03
   1.4049570e+03
   1.3052940e+03
   1.2052580e+03
   1.1050910e+03
   1.0043040e+03
   9.0474700e+02
   8.0518200e+02
   7.0606400e+02
   6.0598300e+02
   5.0080400e+02
   4.0058600e+02
   3.5100300e+02
   3.0109700e+02
   2.5055300e+02
   2.0098900e+02
   1.5153300e+02
   1.0523000e+02
   7.5571000e+01
   5.1137000e+01
   2.5401000e+01
   3.7780000e+00
