   5.7474850e+03
   5.4016250e+03
   5.0366220e+03
   4.6371200e+03
   4.3033940e+03
   4.0022110e+03
   3.7029540e+03
   3.4027840e+03
   3.1031440e+03
   2.8393100e+03
   2.5875760e+03
   2.3385650e+03
   2.0918100e+03
   1.8625240e+03
   1.6660040e+03
   1.4668280e+03
   1.3369580e+03
   1.2363230e+03
   1.1365780e+03
   1.0358980e+03
   9.3673200e+02
   8.3668300e+02
   7.3648100e+02
   6.3476200e+02
   5.3517800e+02
   4.3541400e+02
   3.6496900e+02
   3.1474200e+02
   2.6554600e+02
   2.1592800e+02
   1.6639900e+02
   1.1763200e+02
   8.8513000e+01
   6.1109000e+01
   3.5076000e+01
   2.8840000e+00
