   5.8914830e+03
   5.5903330e+03
   5.1651450e+03
   4.7657900e+03
   4.3663940e+03
   3.9648780e+03
   3.5669120e+03
   3.2010220e+03
   2.9167620e+03
   2.6659200e+03
   2.4158830e+03
   2.1673060e+03
   1.9338420e+03
   1.7353950e+03
   1.5359790e+03
   1.3654680e+03
   1.2642850e+03
   1.1651970e+03
   1.0653020e+03
   9.6628500e+02
   8.6374400e+02
   7.6690800e+02
   6.6616900e+02
   5.6660200e+02
   4.6521000e+02
   3.8616400e+02
   3.3327300e+02
   2.8691100e+02
   2.3668100e+02
   1.8713100e+02
   1.4065200e+02
   9.6101000e+01
   7.2061000e+01
   4.1758000e+01
   2.2448000e+01
   3.9250000e+00
