   5.9766060e+03
   5.6013920e+03
   5.2011420e+03
   4.8016440e+03
   4.4025260e+03
   4.0019870e+03
   3.6033510e+03
   3.3031490e+03
   3.0043750e+03
   2.7542990e+03
   2.5035640e+03
   2.2548150e+03
   2.0046900e+03
   1.8039850e+03
   1.6045900e+03
   1.4056500e+03
   1.3052520e+03
   1.2056400e+03
   1.1048170e+03
   1.0051780e+03
   9.0487100e+02
   8.0537600e+02
   7.0627000e+02
   6.0614200e+02
   5.0507600e+02
   4.0525300e+02
   3.5539800e+02
   3.0164300e+02
   2.5156100e+02
   2.0064100e+02
   1.5132500e+02
   1.0094200e+02
   7.7900000e+01
   4.8215000e+01
   2.4127000e+01
   3.2110000e+00
