   5.9918830e+03
   5.6706730e+03
   5.3356260e+03
   4.9366770e+03
   4.5363510e+03
   4.1366130e+03
   3.7380000e+03
   3.4025240e+03
   3.1024620e+03
   2.8384210e+03
   2.5876850e+03
   2.3379300e+03
   2.0888230e+03
   1.8686290e+03
   1.6692830e+03
   1.4699910e+03
   1.3394910e+03
   1.2340180e+03
   1.1342210e+03
   1.0335860e+03
   9.3436800e+02
   8.3563500e+02
   7.3570600e+02
   6.3568600e+02
   5.3574200e+02
   4.3516400e+02
   3.6539000e+02
   3.1544100e+02
   2.6535400e+02
   2.1537700e+02
   1.6540200e+02
   1.1584400e+02
   8.4929000e+01
   6.0132000e+01
   3.5266000e+01
   2.6240000e+00
