   5.9023420e+03
   5.5031600e+03
   5.1032320e+03
   4.6530120e+03
   4.2049750e+03
   3.8047760e+03
   3.5055220e+03
   3.1995500e+03
   2.9160810e+03
   2.6654190e+03
   2.4158840e+03
   2.1669270e+03
   1.9347940e+03
   1.7346900e+03
   1.5364560e+03
   1.3655200e+03
   1.2657220e+03
   1.1655610e+03
   1.0648780e+03
   9.6472900e+02
   8.6568600e+02
   7.6539200e+02
   6.6716500e+02
   5.6395100e+02
   4.6494300e+02
   3.8365100e+02
   3.3535500e+02
   2.8506800e+02
   2.3468200e+02
   1.8609100e+02
   1.3571500e+02
   9.0241000e+01
   6.5610000e+01
   3.9908000e+01
   2.5940000e+01
   3.9800000e+00
