   5.9815170e+03
   5.6013670e+03
   5.2011870e+03
   4.8021400e+03
   4.4025180e+03
   4.0015930e+03
   3.6037760e+03
   3.3036150e+03
   3.0042760e+03
   2.7542750e+03
   2.5035130e+03
   2.2544910e+03
   2.0046390e+03
   1.8041600e+03
   1.6053160e+03
   1.4055640e+03
   1.3057420e+03
   1.2049710e+03
   1.1044630e+03
   1.0699640e+03
   9.0537600e+02
   8.0564700e+02
   7.0641900e+02
   6.0680200e+02
   5.0688800e+02
   4.0625100e+02
   3.5136300e+02
   3.0135100e+02
   2.5022300e+02
   2.0019900e+02
   1.5065100e+02
   1.0062400e+02
   7.6576000e+01
   4.9860000e+01
   2.4970000e+01
   2.8490000e+00
