   5.9452440e+03
   5.6703880e+03
   5.3347380e+03
   4.9371130e+03
   4.5361900e+03
   4.1367310e+03
   3.7371260e+03
   3.4027180e+03
   3.1030980e+03
   2.8381710e+03
   2.5881560e+03
   2.3388910e+03
   2.0892130e+03
   1.8689720e+03
   1.6690420e+03
   1.4700570e+03
   1.2396870e+03
   1.1394930e+03
   1.0695320e+03
   1.0394900e+03
   9.3956400e+02
   8.3988600e+02
   7.4081000e+02
   6.4104900e+02
   5.4041800e+02
   4.4011300e+02
   3.6564200e+02
   3.1540400e+02
   2.6551300e+02
   2.1539800e+02
   1.6581100e+02
   1.1619800e+02
   8.6363000e+01
   6.1048000e+01
   3.6278000e+01
   3.0340000e+00
