   5.8771480e+03
   5.5039580e+03
   5.0045900e+03
   4.6012470e+03
   4.2028410e+03
   3.8000130e+03
   3.5007140e+03
   3.1999850e+03
   2.9171760e+03
   2.6643610e+03
   2.4163770e+03
   2.1704270e+03
   1.9361520e+03
   1.7350670e+03
   1.5355460e+03
   1.3648900e+03
   1.2648450e+03
   1.1646000e+03
   1.0643210e+03
   9.7008200e+02
   8.6560300e+02
   7.6655700e+02
   6.6674600e+02
   5.6681300e+02
   4.6668800e+02
   3.8678400e+02
   3.3664500e+02
   2.8672700e+02
   2.3480100e+02
   1.8653600e+02
   1.3604100e+02
   9.3837000e+01
   7.0124000e+01
   3.9943000e+01
   2.0263000e+01
   3.3930000e+00
