   5.8403390e+03
   5.6014910e+03
   5.1993000e+03
   4.8004470e+03
   4.4004860e+03
   3.9999450e+03
   3.6003220e+03
   3.3005500e+03
   3.0015720e+03
   2.7497840e+03
   2.5026810e+03
   2.2549490e+03
   2.0050390e+03
   1.8043920e+03
   1.6054570e+03
   1.4065470e+03
   1.3057640e+03
   1.2058670e+03
   1.1059000e+03
   1.0047740e+03
   9.0509800e+02
   8.0599100e+02
   7.0604500e+02
   6.0695100e+02
   5.0698400e+02
   4.0659100e+02
   3.4943600e+02
   2.9946800e+02
   2.4945000e+02
   1.9955200e+02
   1.4985600e+02
   1.0030500e+02
   7.5427000e+01
   5.0494000e+01
   2.4805000e+01
   2.9670000e+00
