   5.9636560e+03
   5.7011090e+03
   5.3361670e+03
   4.9358730e+03
   4.5372370e+03
   4.1392200e+03
   3.7377110e+03
   3.4036130e+03
   3.1039870e+03
   2.8401840e+03
   2.5885700e+03
   2.3404570e+03
   2.0906310e+03
   1.8704210e+03
   1.6680590e+03
   1.4697910e+03
   1.3456180e+03
   1.2459990e+03
   1.1465410e+03
   1.0404220e+03
   9.4099800e+02
   8.4042900e+02
   7.4173600e+02
   6.4265900e+02
   5.4151700e+02
   4.4188500e+02
   3.6603100e+02
   3.1350500e+02
   2.6654300e+02
   2.1585200e+02
   1.6694900e+02
   1.1402100e+02
   8.5530000e+01
   6.0145000e+01
   3.5308000e+01
   3.7540000e+00
