   5.8928880e+03
   5.5016540e+03
   5.0009420e+03
   4.5998400e+03
   4.2025630e+03
   3.7992490e+03
   3.5011440e+03
   3.2011380e+03
   2.9155880e+03
   2.6640220e+03
   2.4146960e+03
   2.1660000e+03
   1.9351880e+03
   1.7344690e+03
   1.5363760e+03
   1.3654100e+03
   1.2657380e+03
   1.1650380e+03
   1.0650910e+03
   9.6456200e+02
   8.6624700e+02
   7.6580900e+02
   6.6702300e+02
   5.6571300e+02
   4.6516000e+02
   3.8491000e+02
   3.3610900e+02
   2.8655200e+02
   2.3573200e+02
   1.8550400e+02
   1.3587800e+02
   9.1410000e+01
   6.7000000e+01
   4.0334000e+01
   2.0305000e+01
   3.1890000e+00
