   6.0016930e+03
   5.6533640e+03
   5.2028540e+03
   4.8040590e+03
   4.4044740e+03
   4.0033710e+03
   3.6055760e+03
   3.3045450e+03
   3.0042310e+03
   2.7507340e+03
   2.5048220e+03
   2.2559630e+03
   2.0007800e+03
   1.8054220e+03
   1.6057110e+03
   1.4017200e+03
   1.3064880e+03
   1.2054020e+03
   1.1060270e+03
   9.9985000e+02
   9.0066600e+02
   8.0103900e+02
   7.0157000e+02
   6.0178900e+02
   5.0186200e+02
   4.0114100e+02
   3.5113800e+02
   3.0098100e+02
   2.5077700e+02
   2.0073300e+02
   1.5167500e+02
   1.0219400e+02
   7.7122000e+01
   4.9911000e+01
   2.5342000e+01
   3.9320000e+00
