   5.9932650e+03
   5.7017260e+03
   5.3520160e+03
   4.9377680e+03
   4.5373150e+03
   4.1385310e+03
   3.7396860e+03
   3.4028770e+03
   3.1044930e+03
   2.8406590e+03
   2.5885530e+03
   2.3391890e+03
   2.0916280e+03
   1.8702020e+03
   1.6703640e+03
   1.4710450e+03
   1.3409060e+03
   1.2408600e+03
   1.1409420e+03
   1.0407390e+03
   9.3562400e+02
   8.3546600e+02
   7.3757700e+02
   6.3700700e+02
   5.3522800e+02
   4.3569100e+02
   3.6387400e+02
   3.1516300e+02
   2.6407900e+02
   2.1399500e+02
   1.6449800e+02
   1.1595600e+02
   8.5949000e+01
   5.9572000e+01
   3.5454000e+01
   8.3230000e+00
