   5.8752350e+03
   5.5024310e+03
   5.0032090e+03
   4.6022840e+03
   4.2039590e+03
   3.8032950e+03
   3.5035220e+03
   3.2030980e+03
   2.9167790e+03
   2.6691990e+03
   2.4194460e+03
   2.1707860e+03
   1.9368810e+03
   1.7359600e+03
   1.5351650e+03
   1.3655410e+03
   1.2652170e+03
   1.1653760e+03
   1.0656980e+03
   9.6516200e+02
   8.6555000e+02
   7.6596300e+02
   6.6710800e+02
   5.6634500e+02
   4.7086600e+02
   3.8601100e+02
   3.3613400e+02
   2.8609200e+02
   2.4061600e+02
   1.8573900e+02
   1.3559300e+02
   9.1251000e+01
   6.6141000e+01
   4.1400000e+01
   2.1346000e+01
   4.2530000e+00
