   5.8460560e+03
   5.6031230e+03
   5.2000030e+03
   4.8015870e+03
   4.3990650e+03
   3.9535160e+03
   3.6066350e+03
   3.3055400e+03
   3.0047840e+03
   2.7533640e+03
   2.4957590e+03
   2.2498440e+03
   2.0000920e+03
   1.8019070e+03
   1.6015140e+03
   1.4037610e+03
   1.2989260e+03
   1.1996240e+03
   1.1021770e+03
   9.9989000e+02
   9.0078300e+02
   7.9958400e+02
   7.0123300e+02
   6.0229500e+02
   5.0098000e+02
   4.0040400e+02
   3.5067600e+02
   3.0014600e+02
   2.5055400e+02
   2.0167100e+02
   1.5024200e+02
   9.9560000e+01
   7.5124000e+01
   4.8683000e+01
   2.5318000e+01
   4.1380000e+00
