   5.7134150e+03
   5.4520870e+03
   5.1018740e+03
   4.7021180e+03
   4.3038230e+03
   4.0524720e+03
   3.7042980e+03
   3.4040050e+03
   3.1038880e+03
   2.8402440e+03
   2.5893880e+03
   2.3406940e+03
   2.0899420e+03
   1.8653170e+03
   1.6655050e+03
   1.6131650e+03
   1.4664820e+03
   1.3360580e+03
   1.2361350e+03
   1.1355370e+03
   1.0357950e+03
   9.3579500e+02
   8.3558800e+02
   7.3578000e+02
   6.3522900e+02
   5.3574500e+02
   4.3607300e+02
   3.6596000e+02
   3.1531300e+02
   2.6530000e+02
   2.1520100e+02
   1.6546200e+02
   1.1504100e+02
   8.5072000e+01
   6.0666000e+01
   1.5797000e+01
