   5.6665750e+03
   5.2972150e+03
   5.0007970e+03
   4.5984190e+03
   4.1986940e+03
   3.7971200e+03
   3.5003650e+03
   3.1983370e+03
   2.9154920e+03
   2.6635570e+03
   2.4140870e+03
   2.1646990e+03
   1.9344740e+03
   1.7342480e+03
   1.5366580e+03
   1.3662160e+03
   1.2639770e+03
   1.1649360e+03
   1.0638040e+03
   9.6417000e+02
   8.6419100e+02
   7.6484400e+02
   6.6394800e+02
   5.6397800e+02
   4.6432200e+02
   3.8391900e+02
   3.3703200e+02
   2.8490300e+02
   2.3531300e+02
   1.8469700e+02
   1.3405200e+02
   9.0032000e+01
   6.4805000e+01
   4.0610000e+01
   2.1421000e+01
   2.4130000e+00
