   5.5645000e+03
   5.4019480e+03
   5.2020810e+03
   4.8032070e+03
   4.4039470e+03
   4.1036940e+03
   3.6015150e+03
   3.3008540e+03
   3.0044020e+03
   2.7515760e+03
   2.5043850e+03
   2.2518180e+03
   2.0000550e+03
   1.8047160e+03
   1.6050210e+03
   1.4059730e+03
   1.3058250e+03
   1.2053930e+03
   1.1002090e+03
   1.0003480e+03
   9.0032600e+02
   8.0084800e+02
   7.0142400e+02
   6.0068500e+02
   5.0017600e+02
   4.0012300e+02
   3.5049200e+02
   3.0001300e+02
   2.5021800e+02
   2.0078400e+02
   1.5063700e+02
   1.0077600e+02
   7.6798000e+01
   5.0065000e+01
   2.6062000e+01
   3.5210000e+00
