   5.5872130e+03
   5.2503960e+03
   4.9023320e+03
   4.5759260e+03
   4.3026690e+03
   4.0022470e+03
   3.7037720e+03
   3.4033320e+03
   3.1028710e+03
   2.8390740e+03
   2.5880320e+03
   2.3394800e+03
   2.0895970e+03
   1.8694210e+03
   1.6692410e+03
   1.4692690e+03
   1.3638890e+03
   1.2351590e+03
   1.1346980e+03
   1.0344440e+03
   9.3454800e+02
   8.3333200e+02
   7.3594300e+02
   6.3656300e+02
   5.3527000e+02
   4.3583100e+02
   3.6503600e+02
   3.1529100e+02
   2.6540700e+02
   2.1576700e+02
   1.6642300e+02
   1.1639000e+02
   8.6130000e+01
   5.9889000e+01
   3.4335000e+01
   4.4160000e+00
