   5.3814820e+03
   5.1030000e+03
   4.7030370e+03
   4.4033210e+03
   4.1036900e+03
   3.8038750e+03
   3.5044080e+03
   3.2042030e+03
   2.9196110e+03
   2.6691140e+03
   2.4191350e+03
   2.1703670e+03
   1.9402500e+03
   1.7350650e+03
   1.5355520e+03
   1.3659800e+03
   1.2656680e+03
   1.1644930e+03
   1.0641120e+03
   9.6513100e+02
   8.6640800e+02
   7.6597900e+02
   6.6647500e+02
   5.6673900e+02
   4.6622300e+02
   3.8541000e+02
   3.3525200e+02
   2.8495900e+02
   2.3536500e+02
   1.8490200e+02
   1.3552500e+02
   9.0555000e+01
   6.6290000e+01
   4.0719000e+01
   2.0754000e+01
   3.6120000e+00
