   5.1119160e+03
   4.8029210e+03
   4.4999440e+03
   4.2008040e+03
   3.8999890e+03
   3.6021690e+03
   3.3010190e+03
   3.0015990e+03
   2.7509880e+03
   2.5000240e+03
   2.2518980e+03
   2.0004320e+03
   1.8003670e+03
   1.6011590e+03
   1.5013120e+03
   1.4011410e+03
   1.3002010e+03
   1.1997000e+03
   1.1003620e+03
   9.9923900e+02
   9.0074700e+02
   8.0021100e+02
   7.0045000e+02
   6.0135000e+02
   5.0054100e+02
   4.0077300e+02
   3.5076000e+02
   3.0056500e+02
   2.5054600e+02
   1.9943600e+02
   1.4970400e+02
   1.0067200e+02
   7.5801000e+01
   5.1355000e+01
   2.5509000e+01
   3.2920000e+00
