   5.5808600e+03
   5.2404780e+03
   4.9015240e+03
   4.5991230e+03
   4.3002190e+03
   3.9996010e+03
   3.7009240e+03
   3.4012010e+03
   3.1009340e+03
   2.8358370e+03
   2.5848260e+03
   2.3355540e+03
   2.0856880e+03
   1.8646670e+03
   1.6643960e+03
   1.4659860e+03
   1.3358520e+03
   1.2357240e+03
   1.1356420e+03
   1.0350860e+03
   9.3561400e+02
   8.3601400e+02
   7.3538900e+02
   6.3576100e+02
   5.3584700e+02
   4.3586100e+02
   3.6536900e+02
   3.1536900e+02
   2.6548800e+02
   2.1548700e+02
   1.6568400e+02
   1.1625700e+02
   8.9119000e+01
   6.0494000e+01
   3.5523000e+01
   4.8110000e+00
