   5.2361600e+03
   5.0008070e+03
   4.7005590e+03
   4.4007200e+03
   4.1019850e+03
   3.8022640e+03
   3.5022350e+03
   3.2017490e+03
   2.9181010e+03
   2.6670820e+03
   2.4173760e+03
   2.1689770e+03
   1.9379290e+03
   1.7380710e+03
   1.5388160e+03
   1.3696170e+03
   1.2695690e+03
   1.1687860e+03
   1.0681890e+03
   9.6775000e+02
   8.6908900e+02
   7.6950800e+02
   6.6997500e+02
   5.7021300e+02
   4.6956400e+02
   3.8574100e+02
   3.3537200e+02
   2.8503600e+02
   2.3547600e+02
   1.8549300e+02
   1.3633800e+02
   9.0755000e+01
   6.5857000e+01
   4.0668000e+01
   2.0737000e+01
   4.3640000e+00
