   4.3597050e+03
   4.1996510e+03
   3.9993290e+03
   3.6011720e+03
   3.3012500e+03
   3.0003520e+03
   2.7506750e+03
   2.4996740e+03
   2.2514080e+03
   2.0010030e+03
   1.8817070e+03
   1.6004980e+03
   1.4022560e+03
   1.3006860e+03
   1.1997130e+03
   1.0995920e+03
   1.0013180e+03
   9.0099200e+02
   8.0341600e+02
   7.0013300e+02
   6.0007400e+02
   5.0014300e+02
   4.0004900e+02
   3.5005000e+02
   3.0121600e+02
   2.5026700e+02
   2.0049900e+02
   1.5099500e+02
   1.0037400e+02
   7.4963000e+01
   5.0755000e+01
   2.6151000e+01
   4.1040000e+00
