   4.5882310e+03
   4.4747720e+03
   4.1016950e+03
   3.8011120e+03
   3.5024620e+03
   3.2020970e+03
   2.9189780e+03
   2.6680860e+03
   2.4180640e+03
   2.1689090e+03
   1.9385850e+03
   1.7384570e+03
   1.5388780e+03
   1.3699880e+03
   1.2703590e+03
   1.1702860e+03
   1.0689860e+03
   9.6929600e+02
   8.6938100e+02
   7.6569900e+02
   6.6537200e+02
   5.6566600e+02
   4.6602500e+02
   3.8561700e+02
   3.3501600e+02
   2.8549500e+02
   2.3413900e+02
   1.8474200e+02
   1.3565600e+02
   9.0942000e+01
   6.5493000e+01
   4.0884000e+01
   2.0663000e+01
   3.3430000e+00
