   5.3504500e+03
   5.0990130e+03
   4.8002260e+03
   4.4991630e+03
   4.2012160e+03
   3.9002860e+03
   3.6016340e+03
   3.3012470e+03
   3.0023680e+03
   2.7530150e+03
   2.5024950e+03
   2.2532030e+03
   2.0027980e+03
   1.8030030e+03
   1.6037150e+03
   1.4044940e+03
   1.2986980e+03
   1.1994930e+03
   1.0995110e+03
   9.9946600e+02
   8.9993100e+02
   8.0081600e+02
   7.0100300e+02
   6.0066000e+02
   5.0129300e+02
   3.9985400e+02
   3.4988700e+02
   3.0041700e+02
   2.4993000e+02
   2.0007500e+02
   1.5019400e+02
   1.0068000e+02
   7.5366000e+01
   5.0092000e+01
   2.4905000e+01
   4.2720000e+00
