   5.2781980e+03
   4.9000520e+03
   4.5987750e+03
   4.3009230e+03
   4.0002620e+03
   3.7007090e+03
   3.4013130e+03
   3.1022600e+03
   2.8348860e+03
   2.5841350e+03
   2.3359280e+03
   2.0884260e+03
   1.8652050e+03
   1.6660540e+03
   1.5360130e+03
   1.4384250e+03
   1.3365430e+03
   1.2357260e+03
   1.1352570e+03
   1.0363110e+03
   9.3635600e+02
   8.3650400e+02
   7.3440600e+02
   6.3645900e+02
   5.3543500e+02
   4.3449100e+02
   3.6572400e+02
   3.1482900e+02
   2.6539900e+02
   2.1526200e+02
   1.6521400e+02
   1.1530100e+02
   8.5934000e+01
   6.0617000e+01
   3.5883000e+01
   2.8970000e+00
