   5.1578460e+03
   4.9994040e+03
   4.6995590e+03
   4.3972880e+03
   4.1001820e+03
   3.8006170e+03
   3.5007560e+03
   3.1997790e+03
   2.9168020e+03
   2.6666600e+03
   2.4172080e+03
   2.1678240e+03
   1.9370560e+03
   1.7381040e+03
   1.5676900e+03
   1.3690520e+03
   1.2685300e+03
   1.1692950e+03
   1.0684010e+03
   9.6794100e+02
   8.6894800e+02
   7.6513400e+02
   6.6580800e+02
   5.6509700e+02
   4.6519400e+02
   3.8566000e+02
   3.3483000e+02
   2.8429600e+02
   2.3492000e+02
   1.8478100e+02
   1.3485400e+02
   9.0375000e+01
   6.5603000e+01
   4.0765000e+01
   2.1069000e+01
   3.8170000e+00
