   5.1988480e+03
   5.0495820e+03
   4.7997710e+03
   4.4991160e+03
   4.2005570e+03
   3.9008220e+03
   3.6023120e+03
   3.3011880e+03
   3.0016310e+03
   2.7522580e+03
   2.5019770e+03
   2.2523820e+03
   2.0031350e+03
   1.8026600e+03
   1.6038420e+03
   1.4040370e+03
   1.3042960e+03
   1.1996680e+03
   1.0986840e+03
   9.9864300e+02
   9.0004200e+02
   8.0017700e+02
   7.0018600e+02
   6.0039800e+02
   5.0067400e+02
   4.0031800e+02
   3.4982300e+02
   2.9939900e+02
   2.4904800e+02
   1.9943200e+02
   1.4942500e+02
   9.9815000e+01
   7.4927000e+01
   5.0146000e+01
   2.5871000e+01
   3.2480000e+00
