   5.1783390e+03
   4.9008810e+03
   4.6007730e+03
   4.3014830e+03
   4.0011470e+03
   3.7024970e+03
   3.3999780e+03
   3.0998850e+03
   2.8373980e+03
   2.5349410e+03
   2.3358850e+03
   2.0851650e+03
   1.8658720e+03
   1.6661890e+03
   1.5641920e+03
   1.4361230e+03
   1.3347780e+03
   1.2362950e+03
   1.1358260e+03
   1.0351620e+03
   9.3571600e+02
   8.3488800e+02
   7.3605800e+02
   6.3503700e+02
   5.3593300e+02
   4.3486400e+02
   3.6648000e+02
   3.1462200e+02
   2.6592100e+02
   2.1500900e+02
   1.6602400e+02
   1.1594900e+02
   8.6029000e+01
   5.8467000e+01
   3.5887000e+01
   3.8330000e+00
