   5.2421350e+03
   5.0005940e+03
   4.7011900e+03
   4.4014140e+03
   4.1019770e+03
   3.8020850e+03
   3.5022660e+03
   3.2018230e+03
   2.9182640e+03
   2.6683950e+03
   2.4186700e+03
   2.1695170e+03
   1.9362610e+03
   1.7362280e+03
   1.5321510e+03
   1.3654290e+03
   1.2655130e+03
   1.1652290e+03
   1.0648660e+03
   9.6534300e+02
   8.6621900e+02
   7.6685200e+02
   6.6655300e+02
   5.6688700e+02
   4.6609200e+02
   3.8797600e+02
   3.3551300e+02
   2.8574200e+02
   2.3557000e+02
   1.8588700e+02
   1.3563700e+02
   8.9991000e+01
   6.5716000e+01
   3.8091000e+01
   2.1167000e+01
   8.4650000e+00
