   5.3277910e+03
   5.0995380e+03
   4.8263100e+03
   4.5009730e+03
   4.2009320e+03
   3.9016280e+03
   3.6028790e+03
   3.3016250e+03
   3.0027190e+03
   2.7529500e+03
   2.4987800e+03
   2.2495120e+03
   1.9999370e+03
   1.7996970e+03
   1.6001140e+03
   1.4022380e+03
   1.3007010e+03
   1.2006780e+03
   1.0995870e+03
   1.0005250e+03
   8.9999700e+02
   8.0085200e+02
   7.0130600e+02
   6.0078400e+02
   5.0106100e+02
   4.0076500e+02
   3.5017300e+02
   3.0085800e+02
   2.5073800e+02
   2.0045900e+02
   1.5053600e+02
   1.0129700e+02
   7.6307000e+01
   5.1363000e+01
   2.6174000e+01
   4.8780000e+00
