   4.9022410e+03
   4.6260110e+03
   4.3016950e+03
   4.0017000e+03
   3.7025810e+03
   3.4020290e+03
   3.1024320e+03
   2.8386310e+03
   2.5884210e+03
   2.3389800e+03
   2.0894280e+03
   1.8687490e+03
   1.6686190e+03
   1.5700340e+03
   1.4359430e+03
   1.3355120e+03
   1.2347560e+03
   1.1346830e+03
   1.0347430e+03
   9.3586200e+02
   8.3583400e+02
   7.3751100e+02
   6.3526600e+02
   5.3507700e+02
   4.6380100e+02
   4.1616800e+02
   3.6568600e+02
   3.1545500e+02
   2.6488400e+02
   2.1593600e+02
   1.6658300e+02
   1.1555300e+02
   8.5864000e+01
   5.8456000e+01
   3.4833000e+01
   3.0240000e+00
