   4.4778390e+03
   4.3507450e+03
   4.1010310e+03
   3.8011390e+03
   3.5015360e+03
   3.2014600e+03
   2.9166570e+03
   2.6664430e+03
   2.4153820e+03
   2.1672830e+03
   1.9338970e+03
   1.7346700e+03
   1.5360100e+03
   1.4659190e+03
   1.3674460e+03
   1.2663750e+03
   1.1683780e+03
   1.0684960e+03
   9.6522300e+02
   8.6550000e+02
   7.6574700e+02
   6.6604300e+02
   5.6489700e+02
   4.8457700e+02
   4.3511600e+02
   3.8422900e+02
   3.3448200e+02
   2.8464500e+02
   2.3416400e+02
   1.8500700e+02
   1.3510300e+02
   8.5651000e+01
   6.4608000e+01
   3.9711000e+01
   2.0605000e+01
   4.1250000e+00
