   5.3503720e+03
   5.0975680e+03
   4.7982640e+03
   4.4979800e+03
   4.1994790e+03
   3.8994840e+03
   3.6017810e+03
   3.3008000e+03
   3.0018910e+03
   2.7515940e+03
   2.5006510e+03
   2.2523070e+03
   2.0023870e+03
   1.8025520e+03
   1.6027860e+03
   1.4037530e+03
   1.3041130e+03
   1.2041080e+03
   1.1028290e+03
   1.0035210e+03
   9.0319300e+02
   8.0473000e+02
   7.0481700e+02
   6.0160500e+02
   5.0158000e+02
   4.0145000e+02
   3.5026200e+02
   2.9970000e+02
   2.4942100e+02
   2.0014500e+02
   1.5028800e+02
   1.0043400e+02
   7.6042000e+01
   5.1121000e+01
   2.6744000e+01
   4.9220000e+00
