   5.3435710e+03
   5.1982710e+03
   4.9001320e+03
   4.5993510e+03
   4.3010280e+03
   4.0000110e+03
   3.7015010e+03
   3.4020800e+03
   3.1019820e+03
   2.8377760e+03
   2.5866780e+03
   2.3373020e+03
   2.0883190e+03
   1.8678820e+03
   1.6683930e+03
   1.4697700e+03
   1.3400670e+03
   1.2393270e+03
   1.1387530e+03
   1.0386010e+03
   9.3415800e+02
   8.3478000e+02
   7.3514400e+02
   6.3559000e+02
   5.3546700e+02
   4.3547500e+02
   3.6524500e+02
   3.1519700e+02
   2.6533200e+02
   2.1479900e+02
   1.6549200e+02
   1.1574600e+02
   8.5473000e+01
   6.0903000e+01
   3.6187000e+01
   2.8580000e+00
