   5.4208480e+03
   5.3046770e+03
   5.0058520e+03
   4.7006940e+03
   4.4021650e+03
   4.1022130e+03
   3.8013820e+03
   3.5031580e+03
   3.2018260e+03
   2.9193840e+03
   2.6684690e+03
   2.4163610e+03
   2.1670010e+03
   1.9357230e+03
   1.6364290e+03
   1.5373120e+03
   1.2662890e+03
   1.1656670e+03
   1.0651990e+03
   9.6587100e+02
   8.6569800e+02
   7.6657400e+02
   6.6746400e+02
   5.7080900e+02
   4.6651600e+02
   3.8564100e+02
   3.3606700e+02
   2.8542700e+02
   2.3573700e+02
   1.8614900e+02
   1.3607300e+02
   9.1139000e+01
   6.5344000e+01
   4.1025000e+01
   2.1119000e+01
   4.0290000e+00
