   5.0529230e+03
   4.7994520e+03
   4.4999910e+03
   4.2012860e+03
   3.9000080e+03
   3.6012010e+03
   3.3010650e+03
   3.0031020e+03
   2.7525480e+03
   2.5020430e+03
   2.2536370e+03
   2.0030860e+03
   1.8030740e+03
   1.6043640e+03
   1.5040610e+03
   1.4045780e+03
   1.3046160e+03
   1.2039080e+03
   1.1038850e+03
   1.0037350e+03
   9.0424800e+02
   8.0423700e+02
   7.0541700e+02
   6.0589600e+02
   5.0566500e+02
   4.0510900e+02
   3.5064700e+02
   3.0039100e+02
   2.5015700e+02
   2.0015800e+02
   1.5056000e+02
   1.0041700e+02
   7.5848000e+01
   5.0734000e+01
   2.5034000e+01
   5.6350000e+00
