   5.2036640e+03
   4.9011130e+03
   4.5996910e+03
   4.3009910e+03
   4.0012640e+03
   3.7021990e+03
   3.4021020e+03
   3.1018960e+03
   2.8385720e+03
   2.5873530e+03
   2.3372770e+03
   2.0882400e+03
   1.8683750e+03
   1.6687750e+03
   1.5389490e+03
   1.4396960e+03
   1.3396330e+03
   1.2395570e+03
   1.1395670e+03
   1.0385730e+03
   9.3880100e+02
   8.3971600e+02
   7.4055200e+02
   6.3565700e+02
   5.3550200e+02
   4.3542300e+02
   3.6539000e+02
   3.1532200e+02
   2.6571100e+02
   2.1576000e+02
   1.6533400e+02
   1.1564800e+02
   8.4875000e+01
   5.9914000e+01
   3.4983000e+01
   2.4590000e+00
