   5.3445100e+03
   5.0260580e+03
   4.7002730e+03
   4.4015810e+03
   4.1027100e+03
   3.8008380e+03
   3.5024320e+03
   3.2011310e+03
   2.9174200e+03
   2.6652790e+03
   2.4151140e+03
   2.1679890e+03
   1.9363790e+03
   1.7348350e+03
   1.5656340e+03
   1.3662810e+03
   1.2650870e+03
   1.1647280e+03
   1.0652650e+03
   9.6487600e+02
   8.6492200e+02
   7.6572700e+02
   6.6638700e+02
   5.6665100e+02
   4.6510100e+02
   3.8454100e+02
   3.3514000e+02
   2.8585600e+02
   2.3619300e+02
   1.8623400e+02
   1.3598500e+02
   9.1966000e+01
   6.6112000e+01
   4.1392000e+01
   2.0247000e+01
   4.0820000e+00
