   5.3926220e+03
   5.1506240e+03
   4.8005070e+03
   4.5012640e+03
   4.2021720e+03
   3.9016310e+03
   3.6038140e+03
   3.3022380e+03
   3.0028130e+03
   2.7506520e+03
   2.5030780e+03
   2.2514590e+03
   2.0041230e+03
   1.8032640e+03
   1.6049400e+03
   1.4008710e+03
   1.3004090e+03
   1.1999620e+03
   1.1001940e+03
   9.9925700e+02
   8.9987900e+02
   8.0119800e+02
   7.0201400e+02
   6.0210500e+02
   5.0245400e+02
   4.0062400e+02
   3.5145800e+02
   3.0079000e+02
   2.5105800e+02
   2.0107900e+02
   1.5128300e+02
   1.0161900e+02
   7.5522000e+01
   5.1846000e+01
   2.6833000e+01
   1.1858000e+01
