   5.2744130e+03
   4.9520580e+03
   4.6015090e+03
   4.3031760e+03
   4.0032440e+03
   3.7035270e+03
   3.4029700e+03
   3.1033090e+03
   2.8394230e+03
   2.5890100e+03
   2.3392890e+03
   2.0905410e+03
   1.8704350e+03
   1.6699630e+03
   1.5409170e+03
   1.4415210e+03
   1.3411080e+03
   1.2413510e+03
   1.1412740e+03
   1.0406730e+03
   9.4022600e+02
   8.4067900e+02
   7.4176900e+02
   6.4265100e+02
   5.4255400e+02
   4.3525500e+02
   3.6508100e+02
   3.1553400e+02
   2.6533100e+02
   2.1436100e+02
   1.6464000e+02
   1.1557100e+02
   8.5851000e+01
   5.9725000e+01
   3.6173000e+01
   1.5773000e+01
