   5.2753430e+03
   5.0023230e+03
   4.7016520e+03
   4.4025230e+03
   3.8004010e+03
   3.5035220e+03
   3.1979690e+03
   2.9170680e+03
   2.6658150e+03
   2.4159090e+03
   2.1663230e+03
   1.9350860e+03
   1.7344860e+03
   1.5653630e+03
   1.4661240e+03
   1.3672940e+03
   1.2662650e+03
   1.1660480e+03
   1.0645530e+03
   9.6571400e+02
   8.6561600e+02
   7.6628200e+02
   6.6660300e+02
   5.6640200e+02
   4.6599400e+02
   3.8568200e+02
   3.3606100e+02
   2.8578500e+02
   2.3456600e+02
   1.8556900e+02
   1.3636400e+02
   9.1029000e+01
   6.5787000e+01
   4.0208000e+01
   2.1291000e+01
   3.5370000e+00
