   5.3291810e+03
   5.1023220e+03
   4.9029760e+03
   4.4998400e+03
   4.2003080e+03
   3.8995220e+03
   3.6022420e+03
   3.2999840e+03
   3.0015680e+03
   2.7515180e+03
   2.4999450e+03
   2.2504820e+03
   2.0028640e+03
   1.8042780e+03
   1.6008890e+03
   1.4020620e+03
   1.3023490e+03
   1.2005360e+03
   1.1003970e+03
   1.0007760e+03
   9.0133600e+02
   8.0295300e+02
   7.0076800e+02
   6.0159700e+02
   5.0036300e+02
   3.9997500e+02
   3.5086400e+02
   3.0125200e+02
   2.5076900e+02
   2.0097200e+02
   1.5029300e+02
   1.0009200e+02
   7.5321000e+01
   5.1379000e+01
   2.5705000e+01
   3.4450000e+00
