   5.3634670e+03
   5.2001050e+03
   4.8766540e+03
   4.6005070e+03
   4.3024650e+03
   4.0009620e+03
   3.7022530e+03
   3.4023380e+03
   3.1030070e+03
   2.8382690e+03
   2.5875490e+03
   2.3384000e+03
   2.0891610e+03
   1.8683240e+03
   1.6694530e+03
   1.4699800e+03
   1.3400450e+03
   1.2399530e+03
   1.1397160e+03
   1.0391580e+03
   9.3944800e+02
   8.3461400e+02
   7.3570700e+02
   6.3561700e+02
   5.3505100e+02
   4.3501800e+02
   3.6471100e+02
   3.1447500e+02
   2.6520300e+02
   2.1466500e+02
   1.6456400e+02
   1.1535900e+02
   8.5100000e+01
   6.0401000e+01
   3.5253000e+01
   3.1700000e+00
