   3.6733240e+03
   3.4419890e+03
   3.2017220e+03
   2.9175890e+03
   2.6670810e+03
   2.4173110e+03
   2.1690900e+03
   1.9373490e+03
   1.7376230e+03
   1.5688290e+03
   1.4691420e+03
   1.3691370e+03
   1.2691210e+03
   1.1691020e+03
   1.0683780e+03
   9.6850700e+02
   8.6625100e+02
   7.6534700e+02
   6.6585500e+02
   5.6610700e+02
   4.6501200e+02
   3.8462800e+02
   3.3452300e+02
   2.8437700e+02
   2.3443100e+02
   1.8433900e+02
   1.3439400e+02
   9.0188000e+01
   6.5208000e+01
   4.0394000e+01
   1.9476000e+01
   2.5990000e+00
