   5.4007020e+03
   5.2012800e+03
   4.9022330e+03
   4.4999070e+03
   4.2008550e+03
   3.9006300e+03
   3.6017100e+03
   3.3003590e+03
   3.0004710e+03
   2.7511450e+03
   2.5006710e+03
   2.2515720e+03
   2.0008820e+03
   1.8002010e+03
   1.6008200e+03
   1.4010910e+03
   1.3001590e+03
   1.2003250e+03
   1.0992570e+03
   9.9893100e+02
   9.0112200e+02
   8.0107000e+02
   7.0098600e+02
   6.0100900e+02
   5.0078000e+02
   4.0041800e+02
   2.5071100e+02
   2.0033800e+02
   1.5043500e+02
   1.0115500e+02
   7.4426000e+01
   5.0985000e+01
   2.6194000e+01
   2.5300000e+00
