   5.2504300e+03
   5.0019460e+03
   4.6005740e+03
   4.3027660e+03
   4.0020020e+03
   3.7025020e+03
   3.3999000e+03
   3.1029840e+03
   2.8362080e+03
   2.5853320e+03
   2.3367020e+03
   2.0845870e+03
   1.8645280e+03
   1.6651610e+03
   1.5361040e+03
   1.4363450e+03
   1.3353830e+03
   1.2350990e+03
   1.1345680e+03
   1.0350520e+03
   9.3597100e+02
   8.3651300e+02
   7.3539100e+02
   6.3602400e+02
   5.3580000e+02
   4.3579600e+02
   3.6589700e+02
   3.1543200e+02
   2.6559600e+02
   2.1572500e+02
   1.6576700e+02
   1.1613000e+02
   8.5183000e+01
   6.0208000e+01
   3.5159000e+01
   2.9740000e+00
