   5.4169230e+03
   5.1000330e+03
   4.7001650e+03
   4.4009480e+03
   4.1014160e+03
   3.8009200e+03
   3.5024580e+03
   3.2016360e+03
   2.9181900e+03
   2.6671780e+03
   2.4177960e+03
   2.1667830e+03
   1.9353500e+03
   1.7351960e+03
   1.5659460e+03
   1.3665120e+03
   1.2667230e+03
   1.1661020e+03
   1.0651750e+03
   9.6464600e+02
   8.6537800e+02
   7.6638100e+02
   6.6631600e+02
   5.6577000e+02
   4.6560000e+02
   3.8524200e+02
   3.3537300e+02
   2.8492700e+02
   2.3482800e+02
   1.8486700e+02
   1.3528100e+02
   9.0511000e+01
   6.5173000e+01
   4.0331000e+01
   2.0884000e+01
   3.2280000e+00
