   5.3898160e+03
   5.2509880e+03
   4.8524100e+03
   4.5018700e+03
   4.2027390e+03
   3.9015970e+03
   3.6035700e+03
   3.2992380e+03
   3.0015830e+03
   2.7516810e+03
   2.4994620e+03
   2.2517440e+03
   2.0012330e+03
   1.8004530e+03
   1.6016500e+03
   1.4029120e+03
   1.3013020e+03
   1.2006080e+03
   1.0990780e+03
   1.0003310e+03
   9.0055600e+02
   8.0090600e+02
   7.0043200e+02
   6.0155800e+02
   5.0029700e+02
   4.0039700e+02
   3.5084000e+02
   3.0080000e+02
   2.5039600e+02
   2.0027700e+02
   1.5087400e+02
   1.0091800e+02
   7.5597000e+01
   5.1135000e+01
   2.5966000e+01
   2.2170000e+00
