   5.2508870e+03
   4.9512810e+03
   4.5998030e+03
   4.3013830e+03
   4.0035390e+03
   3.7015920e+03
   3.4038380e+03
   3.1007560e+03
   2.8353040e+03
   2.5847530e+03
   2.3356690e+03
   2.0860530e+03
   1.8651950e+03
   1.6665380e+03
   1.5360420e+03
   1.4366480e+03
   1.3351580e+03
   1.2405820e+03
   1.1357850e+03
   1.0350960e+03
   9.3560400e+02
   8.3674300e+02
   7.3665800e+02
   6.3721500e+02
   5.3743300e+02
   4.3691000e+02
   3.6513000e+02
   3.1737300e+02
   2.6668800e+02
   2.1650100e+02
   1.6487500e+02
   1.1740900e+02
   8.6745000e+01
   6.1303000e+01
   3.7444000e+01
   3.0580000e+00
