   5.3907660e+03
   5.1014370e+03
   4.7363700e+03
   4.4020310e+03
   4.1020550e+03
   3.8023950e+03
   3.5033240e+03
   3.2026310e+03
   2.9190650e+03
   2.6688420e+03
   2.4188240e+03
   2.1695700e+03
   1.9390770e+03
   1.7388700e+03
   1.5690330e+03
   1.3703020e+03
   1.2703990e+03
   1.1650860e+03
   1.0654230e+03
   9.6428500e+02
   8.6482600e+02
   7.6558000e+02
   6.6536100e+02
   5.6542300e+02
   4.6493600e+02
   3.8560900e+02
   3.3543200e+02
   2.8499500e+02
   2.3475300e+02
   1.8504400e+02
   1.3516100e+02
   9.0548000e+01
   6.5955000e+01
   4.0753000e+01
   2.0871000e+01
   4.3780000e+00
