   5.4355460e+03
   5.2004290e+03
   4.9023820e+03
   4.5016160e+03
   4.2022640e+03
   3.9017960e+03
   3.6033600e+03
   3.3022410e+03
   3.0035940e+03
   2.7529480e+03
   2.5031110e+03
   2.2542940e+03
   2.0045200e+03
   1.8045340e+03
   1.6044870e+03
   1.4055960e+03
   1.3053580e+03
   1.2053880e+03
   1.0999810e+03
   9.9966900e+02
   9.0019900e+02
   8.0050300e+02
   7.0060000e+02
   6.0147500e+02
   5.0088900e+02
   3.9984600e+02
   3.5076000e+02
   2.9952600e+02
   2.4999600e+02
   1.9986900e+02
   1.4969600e+02
   1.0015500e+02
   7.4625000e+01
   5.0176000e+01
   1.5835000e+01
