   5.4687040e+03
   5.2523670e+03
   5.0038480e+03
   4.6361860e+03
   4.3005990e+03
   4.0003110e+03
   3.7011940e+03
   3.3997260e+03
   3.1008090e+03
   2.8364350e+03
   2.5869750e+03
   2.3374520e+03
   2.0851200e+03
   1.8663610e+03
   1.6658520e+03
   1.4664510e+03
   1.3346640e+03
   1.2362090e+03
   1.1347930e+03
   1.0351740e+03
   9.3535700e+02
   8.3595600e+02
   7.3673400e+02
   6.3509500e+02
   5.3610800e+02
   4.3493100e+02
   3.6433000e+02
   3.1479700e+02
   2.6552100e+02
   2.1528200e+02
   1.6558100e+02
   1.1706500e+02
   8.6369000e+01
   6.5996000e+01
   3.7491000e+01
   3.0540000e+00
