   5.4066630e+03
   5.1003550e+03
   4.7666950e+03
   4.4027030e+03
   4.1027070e+03
   3.8026100e+03
   3.5028750e+03
   3.2019470e+03
   2.9187880e+03
   2.6682500e+03
   2.4176760e+03
   2.1692600e+03
   1.9385110e+03
   1.7384850e+03
   1.5396550e+03
   1.3702590e+03
   1.2697870e+03
   1.1698140e+03
   1.0693160e+03
   9.6447100e+02
   8.6526000e+02
   7.6548200e+02
   6.6571800e+02
   5.6596300e+02
   4.6498200e+02
   3.8490000e+02
   3.3502800e+02
   2.8470800e+02
   2.3565100e+02
   1.8492700e+02
   1.3570000e+02
   9.4376000e+01
   6.5778000e+01
   4.1501000e+01
   2.1216000e+01
   4.0410000e+00
