   5.5814550e+03
   5.1998190e+03
   4.9019460e+03
   4.5024700e+03
   4.2029370e+03
   3.9017460e+03
   3.6045460e+03
   3.3044460e+03
   3.0043260e+03
   2.7529220e+03
   2.5039000e+03
   2.2545300e+03
   2.0044190e+03
   1.8046050e+03
   1.6058300e+03
   1.4074810e+03
   1.3051410e+03
   1.2051400e+03
   1.1045500e+03
   1.0037230e+03
   9.0524100e+02
   8.0552700e+02
   7.0112500e+02
   5.9932800e+02
   5.0066000e+02
   4.0053400e+02
   3.4996700e+02
   3.0116500e+02
   2.4925300e+02
   2.0086400e+02
   1.5044600e+02
   1.0025700e+02
   7.4911000e+01
   5.0587000e+01
   2.7101000e+01
   3.8700000e+00
