   5.5406390e+03
   5.3018320e+03
   5.0337760e+03
   4.6389200e+03
   4.3044820e+03
   4.0042970e+03
   3.7045160e+03
   3.4043380e+03
   3.1039810e+03
   2.8356870e+03
   2.5901490e+03
   2.3354930e+03
   2.0873290e+03
   1.8659310e+03
   1.6656420e+03
   1.4663920e+03
   1.3368570e+03
   1.2356310e+03
   1.1358460e+03
   1.0362190e+03
   9.3475600e+02
   8.3735500e+02
   7.3581500e+02
   6.4137300e+02
   5.3643000e+02
   4.4181100e+02
   3.6628500e+02
   3.1552700e+02
   2.7151900e+02
   2.2097000e+02
   1.6714000e+02
   1.1672000e+02
   8.7331000e+01
   6.1757000e+01
   3.7233000e+01
   2.7890000e+00
