   5.5128090e+03
   5.0981760e+03
   4.8021190e+03
   4.4774130e+03
   4.1013260e+03
   3.8009200e+03
   3.5016900e+03
   3.2001190e+03
   2.9186580e+03
   2.6660460e+03
   2.4161720e+03
   2.1681080e+03
   1.9359540e+03
   1.7354300e+03
   1.5366090e+03
   1.3662110e+03
   1.2657050e+03
   1.1656140e+03
   1.0659020e+03
   9.6573700e+02
   8.7154700e+02
   7.6691100e+02
   6.6629700e+02
   5.6736900e+02
   4.6730300e+02
   3.8677300e+02
   3.3581700e+02
   2.8560300e+02
   2.3565600e+02
   1.8507500e+02
   1.3444200e+02
   9.0952000e+01
   6.5731000e+01
   4.0302000e+01
   2.0259000e+01
   3.9030000e+00
