   5.4676590e+03
   5.2020360e+03
   4.9029780e+03
   4.5034760e+03
   4.2037720e+03
   3.9041040e+03
   3.6047920e+03
   3.3039790e+03
   3.0049510e+03
   2.7546130e+03
   2.5049550e+03
   2.2554780e+03
   2.0061040e+03
   1.8044900e+03
   1.6053590e+03
   1.4068620e+03
   1.3069140e+03
   1.1995880e+03
   1.0997380e+03
   1.0005060e+03
   9.0041000e+02
   8.0107000e+02
   7.0130600e+02
   6.0100100e+02
   5.0095300e+02
   4.0174100e+02
   3.5000100e+02
   3.0060000e+02
   2.4978300e+02
   2.0022100e+02
   1.5055200e+02
   1.0029300e+02
   7.5988000e+01
   5.1437000e+01
   2.5775000e+01
   3.7510000e+00
