   5.5470040e+03
   5.3033530e+03
   5.0032860e+03
   4.5990810e+03
   4.3005210e+03
   4.0054230e+03
   3.7047470e+03
   3.4022120e+03
   3.0996980e+03
   2.8351490e+03
   2.5871740e+03
   2.3343180e+03
   2.0872980e+03
   1.8664240e+03
   1.6653040e+03
   1.4720060e+03
   1.3347400e+03
   1.2391070e+03
   1.1306250e+03
   1.0338950e+03
   9.3589800e+02
   8.3756000e+02
   7.3790600e+02
   6.3505600e+02
   5.3467000e+02
   4.3528300e+02
   3.6451600e+02
   3.1607700e+02
   2.6545000e+02
   2.1558300e+02
   1.6542200e+02
   1.1306000e+02
   8.5058000e+01
   5.8872000e+01
   3.6385000e+01
   3.7980000e+00
