   5.3475140e+03
   5.1025600e+03
   4.8019700e+03
   4.4028900e+03
   4.1010470e+03
   3.8038750e+03
   3.5050260e+03
   3.2032930e+03
   2.9215280e+03
   2.6655980e+03
   2.4146980e+03
   2.1648010e+03
   1.9341430e+03
   1.7356390e+03
   1.5367360e+03
   1.3651650e+03
   1.2658070e+03
   1.1647290e+03
   1.0644590e+03
   9.6548500e+02
   8.6639900e+02
   7.6650000e+02
   6.6680300e+02
   5.6583400e+02
   4.6783300e+02
   3.8403300e+02
   3.3427300e+02
   2.8740500e+02
   2.3486900e+02
   1.8340900e+02
   1.3705700e+02
   9.2047000e+01
   6.7778000e+01
   4.0430000e+01
   2.0935000e+01
   4.1110000e+00
