   5.5115430e+03
   5.2017500e+03
   4.9026400e+03
   4.5018500e+03
   4.2035540e+03
   3.9032600e+03
   3.6050710e+03
   3.3033080e+03
   3.0050950e+03
   2.7545140e+03
   2.5037390e+03
   2.2544120e+03
   2.0058830e+03
   1.8046920e+03
   1.6049000e+03
   1.4063030e+03
   1.3067310e+03
   1.2057490e+03
   1.1059610e+03
   1.0055450e+03
   9.0052400e+02
   7.9988400e+02
   7.0115700e+02
   6.0175500e+02
   4.9968200e+02
   3.9938600e+02
   3.5002900e+02
   3.0016400e+02
   2.4967000e+02
   2.0028800e+02
   1.5015800e+02
   1.0021500e+02
   7.5747000e+01
   5.0967000e+01
   2.4341000e+01
   4.5090000e+00
