   5.6782020e+03
   5.3524230e+03
   5.0035320e+03
   4.6023250e+03
   4.3047110e+03
   4.0390680e+03
   3.7045660e+03
   3.4042970e+03
   3.1038610e+03
   2.8407400e+03
   2.5401280e+03
   2.3402400e+03
   2.0914160e+03
   1.8707010e+03
   1.6710940e+03
   1.4667540e+03
   1.3358680e+03
   1.2356180e+03
   1.1353940e+03
   1.0350660e+03
   9.3508400e+02
   8.3565700e+02
   7.4196300e+02
   6.3728700e+02
   5.3487900e+02
   4.3487500e+02
   3.7034800e+02
   3.1680100e+02
   2.6620900e+02
   2.1561900e+02
   1.6550400e+02
   1.1681500e+02
   8.5098000e+01
   6.0540000e+01
   3.4894000e+01
   2.9270000e+00
