   5.6795290e+03
   5.4510970e+03
   5.1639110e+03
   4.7678370e+03
   4.3656280e+03
   3.9638180e+03
   3.5661070e+03
   3.2002960e+03
   2.9171230e+03
   2.6661010e+03
   2.4163690e+03
   2.1639590e+03
   1.9372060e+03
   1.7346960e+03
   1.5360590e+03
   1.3678940e+03
   1.2657630e+03
   1.1654620e+03
   1.0650020e+03
   9.6671200e+02
   8.6571500e+02
   7.6566500e+02
   6.6743000e+02
   5.6665100e+02
   4.6467500e+02
   3.8654500e+02
   3.3475900e+02
   2.8626800e+02
   2.3617700e+02
   1.8628700e+02
   1.3566800e+02
   9.1568000e+01
   6.6002000e+01
   4.0495000e+01
   2.0350000e+01
   3.6760000e+00
