   5.7419500e+03
   5.4017030e+03
   5.1014720e+03
   4.7026430e+03
   4.3017950e+03
   3.9023180e+03
   3.6039000e+03
   3.3030760e+03
   3.0032880e+03
   2.7539240e+03
   2.5037120e+03
   2.2554940e+03
   2.0045850e+03
   1.8049530e+03
   1.6050200e+03
   1.4052750e+03
   1.3055430e+03
   1.2048790e+03
   1.1056170e+03
   9.9948800e+02
   8.9983500e+02
   7.9991800e+02
   7.0120700e+02
   5.9970600e+02
   4.9967300e+02
   3.9919500e+02
   3.5051100e+02
   3.0008500e+02
   2.5026300e+02
   1.9950600e+02
   1.5001200e+02
   9.6204000e+01
   7.2665000e+01
   5.3738000e+01
   2.5743000e+01
   3.4240000e+00
