   5.6603840e+03
   5.5033810e+03
   5.2362140e+03
   4.8371720e+03
   4.4383250e+03
   4.0379250e+03
   3.7028690e+03
   3.4040210e+03
   3.1043820e+03
   2.8407430e+03
   2.5893140e+03
   2.3408720e+03
   2.0905040e+03
   1.8705960e+03
   1.6705600e+03
   1.4708200e+03
   1.3418850e+03
   1.2416650e+03
   1.1414270e+03
   1.0346580e+03
   9.3467300e+02
   8.3615900e+02
   7.3562300e+02
   6.3658500e+02
   5.3601000e+02
   4.3577700e+02
   3.6533000e+02
   3.1490600e+02
   2.6500400e+02
   2.1501200e+02
   1.6512300e+02
   1.1548100e+02
   8.5499000e+01
   6.0561000e+01
   3.6001000e+01
   4.1730000e+00
