   5.7145700e+03
   5.4505760e+03
   5.1658140e+03
   4.7665530e+03
   4.3657450e+03
   3.9650290e+03
   3.5682370e+03
   3.2041440e+03
   2.9164150e+03
   2.6648680e+03
   2.4152760e+03
   2.1658030e+03
   1.9336300e+03
   1.7344700e+03
   1.5360190e+03
   1.3660390e+03
   1.2662530e+03
   1.1658280e+03
   1.0650610e+03
   9.6497400e+02
   8.6523200e+02
   7.6562800e+02
   6.6712000e+02
   5.6695600e+02
   4.6613500e+02
   3.8668500e+02
   3.3632700e+02
   2.8627100e+02
   2.3617700e+02
   1.8695200e+02
   1.3641300e+02
   9.1831000e+01
   6.7225000e+01
   4.0373000e+01
   2.1084000e+01
   2.7980000e+00
