   5.7140580e+03
   5.3020350e+03
   5.0017180e+03
   4.5996700e+03
   4.3009320e+03
   3.8999520e+03
   3.6013080e+03
   3.2989950e+03
   3.0016300e+03
   2.7504300e+03
   2.5042920e+03
   2.2556780e+03
   2.0063110e+03
   1.8058690e+03
   1.6055350e+03
   1.4060510e+03
   1.3067260e+03
   1.2057880e+03
   1.1063600e+03
   1.0004780e+03
   9.0058600e+02
   8.0069500e+02
   7.0070900e+02
   6.0152000e+02
   5.0017300e+02
   4.0067800e+02
   3.5052900e+02
   3.0037600e+02
   2.5001400e+02
   1.9999100e+02
   1.5058900e+02
   1.0279200e+02
   7.7722000e+01
   5.1161000e+01
   2.5345000e+01
   3.7460000e+00
